x y

1.0296412275248148 6.991835839254456
0.8801260856323161 6.801768721206522
7.719314099019775 20.151012122318704
2.1151322762277003 9.911255768326743
2.0531657005666766 8.603532662708957
3.497124578659215 11.710751034369975
7.1026697443201225 19.21027720731981
7.4739185600296345 19.324679671326287
1.3107243560602768 8.090758927401403
0.4455543580458272 6.23374726444788
4.723458543690042 15.282483259537692
9.707132556380294 24.75873478172249
5.8948763243200775 16.282745709764125
2.6117942953310225 10.385442826065564
6.86351242046298 19.752140397495182
3.1389597963582823 11.122905495962495
8.507278707229549 21.71685662714371
7.720922713612871 20.8819410159545
7.622785746884045 20.700431154357133
3.1703735098051977 11.520709519883571
4.152940437154551 13.660715886887923
8.780063790138627 22.739460193689762
1.0047234018327167 6.9888411000413715
1.4734854096270702 8.805565286760915
9.828100604073898 24.376793561117164
6.765625964163485 18.243148938342372
8.444608655767839 22.070358043395334
5.781946956761881 17.277068220278668
7.646868326279956 19.266835328875306
4.245840708306594 13.434781849722857
2.4069415290061356 9.200073438795421
0.8527758014275335 7.05969877342077
7.329927058763079 19.5101516066958
3.70085560395734 12.92525971733954
2.6850627936235725 10.393634874500048
2.6262951720509617 9.881255795335518
0.28059123343728665 6.006954412366451
1.4765254899263258 7.51471803912188
9.788666479008883 25.240845606952437
1.1051037625407503 7.625421118247314
2.1356998746565337 8.789706727886433
2.584791161216044 10.040990037437911
6.503010183365582 17.782155948407393
1.1926971528163772 8.298930938286377
8.007357977218744 20.373628230336095
9.405264151100232 23.148905674290067
9.90056124527806 24.674739566032205
5.819037106951846 16.591490519717315
4.782305663364951 15.232395245774631
5.484226054826996 16.128807189809066
4.523033923872537 14.288588204289667
9.849347701076926 24.326484710187156
1.7677525282814486 8.058370416264552
6.264514838618677 17.225305434968252
4.255039254053931 13.214476368208755
2.747918634889775 10.139532041671833
6.227280645543903 17.956660052547843
3.3756184763596657 12.059405645744564
4.7349437560533705 14.651070415583593
8.844368003343542 23.114976878444963
6.075125431691864 16.52857863178326
7.27445218747771 19.43263567737086
7.947079233230499 20.815882991596727
2.4582591793846644 10.066605302882815
5.7784579938387415 17.376840745713736
5.0343353568883655 15.549628316015763
5.440249598115756 16.540452789878774
0.6746884020815251 5.830449109050555
9.294930510231502 23.517603762075428
7.783368515805517 20.06899070219145
4.031867140708654 12.590410713329158
3.2002299128935725 11.355245044299803
7.0573125015702445 19.409542120099218
8.181338500880294 21.687716354865685
9.95558796842229 24.385104187633154
5.726065015662044 16.86184646536913
6.502216007905107 18.196090949829745
7.887988730619238 20.034550143692478
3.345727662689205 11.72256868283859
2.6620981251793916 11.118170986950503
5.368044708862902 15.717767220096158
2.230022788676341 9.486165675919734
6.7342962139420415 19.32901614736733
8.826383762121628 22.487842699564055
6.595438146878872 19.066058576760952
3.467153048330629 12.671352145551802
9.74922273442292 25.08969474052561
0.8869122033191363 6.672595063338368
4.562154274306681 14.193310593415122
0.4663301975761769 5.779503036216889
4.740358880484465 14.285720552236352
9.159634745650667 22.731577518835007
9.05681896452206 23.156911551342606
9.799990769307183 24.646765713163976
4.368386411490437 14.278423974920512
4.402975951320423 13.526298292359122
7.747705104821509 20.369002097231014
9.254084766159203 22.93071001105862
3.5012018833133833 12.15835790362921
2.9374994621390176 11.146475091755256
7.926828557073065 20.459882490111486
5.785005305258012 16.297041774063
3.6814140368628596 12.175015502641884
3.6763294398525472 12.771817471338007
6.329011330521025 17.957113431298346
0.18351212335197253 5.273229485815313
1.0047958571032218 6.849036228882866
5.219623826277877 15.509694647882146
5.885641909361706 16.942802980977813
8.674232964373399 22.747667527642918
2.5511850886822103 9.825442331296527
2.4251520270074733 8.898849972703346
7.5487741643812365 19.94091906601507
4.907001601758667 15.214401519485381
2.3636091715989496 10.146872498872922
5.816096207505112 16.5835991341165
8.788456987924466 23.35077606596874
2.405515304062572 10.019633874073369
5.597866003118864 16.27589680601453
7.839089507046724 21.09429264090559
5.942826985402762 17.281833641761914
5.925312486901689 16.2963511401453
1.7350023234124041 8.226719873475226
0.9433951151438826 7.367420516335817
6.709467195313704 18.075076024398893
4.268572227195992 13.474816606302253
3.9557988662312384 12.858172180685246
2.1890513953252633 9.074267394893525
4.250604756962048 14.00295467747373
4.417389161405602 13.242657448876495
0.2947091683092289 5.9321712339639365
0.9067488787513494 6.706678128243093
6.327529887405698 17.562022725230833
0.6720094258297316 4.75254698966323
6.808180861157705 18.46934767898008
1.1460747784238716 7.212299889201106
0.6259522887879658 6.318595390826665
6.156786688878962 17.24145914764475
7.20091190755078 18.519780983084505
7.753305241856639 21.4555267141465
2.418926238670908 10.377224740061445
2.37714383524812 10.170772955113037
4.740376168961188 14.705788474900437
7.690072709141191 20.97313835023464
6.451051178020489 18.066985356053614
3.4864176169526386 12.406623400958546
5.095075605541704 16.267357815822667
1.617465429269778 8.436858896634707
0.23368995893801703 5.886439100957554
6.624972958467023 18.1861654515011
5.033876049104215 15.021151216085567
4.032447877550299 13.076500520325869
7.3132490108837525 20.44945066378824
4.875749202609309 14.149541111610189
6.424129055884924 17.76277422877545
2.598197153279739 10.428094378647664
7.520719010514356 19.763233098439812
3.8793110711636665 12.896178262768863
7.085662560292923 19.117156994873675
8.400684822816153 21.543131352799822
5.028669080528237 15.142932766322367
6.403368828593007 17.983664701940075
9.720195950237175 24.74411778723747
3.1506781790349727 11.707754609612257
4.2044985347072705 13.14333966322097
5.537629863087697 15.886087808223799
3.89066635648547 13.107099065058724
1.5542706502948516 8.286680557162537
1.5113245564439257 8.516464496678244
7.392636804945493 19.35653526731873
4.71515308094789 14.091665366308233
7.42838166982493 19.616829592898995
0.7715885088908223 5.709656768600951
9.17262993611601 22.685235631176052
3.5773293260018306 12.988876664914617
3.1769670702041166 11.871841887200775
5.53417700422708 17.015515306480932
6.289532347613735 17.79967050073043
7.946363410665432 20.901693695726212
0.10591758406188667 5.018442040654798
8.433653802417282 21.092001830100077
8.189649472669139 20.48793409698741
0.2686208933338179 5.736307235258817
9.300373352531981 24.120936987464773
0.00501064836390519 4.722870183523044
6.350167527398826 16.824424712120678
1.5750908058738418 8.447806663814792
4.919890364411597 13.952573581988894
9.029660949501647 22.95765170289546
1.200673541476288 7.589236883673454
5.911540205193155 17.08731705705669
1.7303601529315866 9.182652434526128
9.249280880384136 22.780633548276768
6.507017781564556 17.41796759575204
0.22109054560955066 4.498704599086646
9.617569736794868 24.078996947404796
1.4677023941538998 7.821103511419836
8.18038776731186 20.92352576156959
8.314866197237269 21.78815242199484
9.912521959465916 24.395384077824563
5.400572412398778 16.182420388039628
9.48774164420237 23.980660653866448
3.7934949037348984 11.668288427407205
6.224010837225816 17.708582361475248
7.638344456994037 20.958118346471043
5.499181137875619 15.679541814128772
5.408051550622158 15.534273259636299
0.5774250253381847 6.369602026981247
0.15976245979570436 5.0685156358062455
3.476533943656179 11.821742133775086
3.004496151450425 11.539597471663965
7.514187833690379 20.118068287640487
1.208492372631735 7.724710366707972
0.3680307327817385 6.274066987099063
0.619963429542139 6.180536566357451
8.902410596488194 22.629040914590192
3.097133727823697 11.715196143025869
7.749224400485614 21.37775979544301
2.1917416614539675 9.798548191088758
3.6819348134984775 11.806263703557871
8.131294171382319 21.528244057727044
8.371219333076734 21.59217244914378
8.14182537826022 20.420522564381468
4.831295771623779 14.494807207572707
0.38625193324643625 5.046778335284035
4.786920821161788 14.278624562991123
1.5197415794360118 7.9688061952820854
9.231909513015111 22.83612432538832
5.449565948850985 16.14179838838086
6.584459615636671 18.96407987051229
1.7931512753205077 8.30394590948096
6.853577423586109 18.798607934780343
5.0022861853565646 15.191572284942307
2.471219449059612 9.89444941806445
9.737326285885855 24.171259593068413
3.6117908071164173 12.892853382120308
8.052743951432692 20.79536775939237
7.960280546780694 21.20463946558392
5.765523328584525 17.11919405062986
2.2593600491956236 10.038636784844375
8.678496227881837 22.395727052286638
4.087978122801646 13.079971484512596
4.92465162700509 14.3362015718351
4.667017520343134 13.931609507908224
9.411665784944809 23.305552770084716
9.122330628127289 22.494800802381103
6.384447215503125 18.61230359828367
7.175596844616151 19.186008925286067
1.5335324353132531 8.512371872087757
4.1248478037044585 13.221150637980102
7.818495465940406 21.118441475932514
5.847388644669508 17.532631950399836
9.594701422008798 23.38441057147255
7.334241871884686 19.12086393261146
3.6969886939340126 11.891441506176351
3.6061692294771444 11.502207709348008
6.695666107702641 18.204052941373092
9.614276256596723 24.344488141138672
7.647227894849612 20.37140603673775
7.4414263254081625 19.700283785732744
4.863003659580816 14.834725823951285
5.95369589251627 17.3778813730361
2.449825086792541 10.394004561957642
3.778397456627931 12.811096892886153
3.382915251004098 11.702856389112346
0.2387627240516803 4.74251096815581
9.241498533092074 24.06068925116541
6.423664390543221 18.017159119948317
1.68436672291765 9.079161728905435
1.4855219308291687 7.2645006474904825
2.006065018858049 9.27758063759083
0.007991611574983182 5.489286961409867
1.1849891947911129 7.026180534914418
5.303283517814919 15.278431187955647
3.398275407315654 11.092990884158562
2.362604882131265 10.09757949034948
4.274835893901642 13.94182042275757
0.39588466115313814 6.149012965748807
4.281586190890549 13.905495018588722
9.902477360446728 24.541123178869626
6.03009396693968 16.931933035464432
7.815126562009469 21.019364380059777
0.020465441405686846 4.788560167971626
0.28189488634510695 5.69427921944945
5.119746881072128 15.182771304280466
2.431897666068629 9.57162511381245
1.775353544632413 8.429993474404725
7.28698859514402 18.36143502855882
2.7745562819274916 10.854552164723318
4.212695116596613 12.959903420731658
9.333031823989584 23.962195184392826
0.5967205330367893 5.62284992120143
6.910200137374121 19.281166149016723
1.919631498384426 8.640906302358461
7.498713928054669 20.051651677222218
0.8923204008387327 6.683318193218616
6.165442180250347 17.49699592524877
7.000434494690369 18.943065991639056
9.254452241570608 23.864144406288634
5.34457374013388 15.709786731592311
5.441545446384428 15.477306361144564
9.877992050663906 24.35170010256259
9.978804103151035 24.871630297484064
6.299642996084447 17.498149279807272
2.436253697900378 8.91166903848336
0.33097084432792734 5.930971090271216
7.700543201912245 19.219432255489547
0.9625361137300921 7.118499333977886
9.915005539796471 25.316253095815917
3.5461830373233996 11.902469591524355
0.10235729788817594 5.420891361367495
8.120668781475715 21.968740980271306
7.022693440660647 19.06149252482891
8.448020770113144 21.613872154104723
2.2135326303793885 9.958676924583909
9.165079269944691 24.0720222125036
0.1825873720922928 4.650861891853863
8.308053304830405 21.518578169328997
3.9899360831445794 12.340066257555822
4.9777742360070505 15.663595645401005
6.70472380762731 18.645831026366267
0.5301043256760138 6.435471421060958
0.7146318720729035 7.117925462479312
6.471847951193084 18.018988253465913
8.773256960295285 22.04356100783947
3.5874377626846723 11.955898405325364
5.094867853603829 14.844782684253692
6.0141689533898095 17.431969531107562
1.3801501569089893 7.56265049199461
4.9918526964827095 14.526496915648185
5.556063461158204 15.996381468622669
6.669775509525545 18.95906648623103
1.1875430047999629 6.658331800638566
1.095932436180295 7.23266224982858
6.614287464677146 18.785976361089315
5.905004159863959 17.270565818419428
9.953657529435318 24.544715134670415
9.307042016239645 23.60957337463315
9.086883220801393 23.341086814727717
2.023536583372449 9.352344965367163
8.706468387705895 21.385164724327435
2.038193647503509 8.501710161887724
3.262555861967739 11.541828023094089
0.8382225518848347 6.147567441263967
6.416176354676225 18.10732170906787
4.345522753235857 13.768381126471107
6.037774146100961 17.2072632620932
9.651221401214533 24.51272212634104
4.023325339617246 13.207577819658377
9.881729374260049 25.033451698687955
2.717415310805997 10.729543879341369
4.5730592130493015 14.178098500273862
5.151917039366172 15.281650484248495
9.439031016304327 23.856399909010115
0.4812004951007296 5.656336600651332
4.526027724975284 13.701111284362598
3.716948934444167 12.430323933199668
4.001446272898919 13.523450836574064
5.05617673750791 15.153451780561529
9.905111304481114 24.945654012148207
2.7532033429268363 11.03420434037571
2.186364377181901 9.715233212713324
9.487160154817374 24.775311643404166
0.044290126227792825 4.979647755699021
8.80883346485755 21.908204020436234
5.453379419057034 16.278911562025037
9.037610806755685 23.529319565587162
6.545207208881934 17.841838748398764
7.0449189688544545 19.421460975574036
8.489306339715377 22.47011706946462
6.56361259977706 18.22516285839055
2.974017682653635 10.56497810288374
2.662199707176156 10.48775768984543
4.9276200527695835 15.398496926980961
3.971699005368712 12.52912083746916
4.5785946199287295 13.883171783853616
2.6429600726349918 10.616918719933919
9.050471843738535 22.671015952289455
6.779285851828681 18.40099953148575
9.355372205765558 23.439460656180565
8.521973169624031 21.665768715598496
5.85622258385277 16.217127599625435
2.2141657430179684 9.040412757230886
0.8676183148947363 6.607840476338006
8.877639787414054 23.21492938664693
9.071556810543024 22.60931278385885
5.6180146255876595 17.245477695339925
7.515510305113494 20.56864533446638
3.2795826614805446 12.02403126998385
5.48046688512255 16.647150623369228
2.2466490486426762 9.247006138944998
9.016781342586551 23.36768389571616
8.519032004245378 21.992668248530997
9.1997680952163 23.831087601016723
1.0502594146060709 6.709680030843473
7.748958633993308 20.79013426168176
5.664339130215867 16.568494439373307
5.150008335218395 15.298003613112838
8.24882042706419 20.867658646304893
2.3232686505432127 8.929297318389045
0.2721271477912328 4.831845698545201
9.569169745299655 23.328627335047806
8.148925065091461 20.623596646252746
8.863796029298591 22.037760842224472
3.1662375817122124 11.7096566522403
2.109763503410247 8.987500397121755
7.187079180082901 19.53051254647364
4.685223784385335 13.621033912016268
5.214804422573801 15.844805056882093
7.758314374465902 20.49476940085944
2.442173440899193 9.821165397433335
8.855517322278876 22.717524656040723
3.7501981387992114 12.296791811473957
5.523686452907195 15.350823841085813
0.7107103258246887 6.224234433166249
8.361704683467527 20.989714480526175
1.32767403438449 6.282971535469034
4.428152593681989 14.671283665345133
8.83130310440225 21.875615610237507
6.485480250531827 17.398520815172603
1.653232362600928 7.984126201352729
7.121606127446444 18.998596228044597
3.968849567401344 13.517069854598107
8.601977433995279 22.22634971526307
3.6388383841855063 12.909532476108524
5.260036198529509 15.143356485775904
5.951399506155313 16.16567116852947
5.663053008416508 16.99887594846269
0.36200909602752596 5.986796513898629
5.591750127448685 15.628218145967656
7.775875614848901 21.096348436664247
6.284251373368381 17.103847689185198
2.143643637589429 9.381016924212318
7.543611252774597 20.369985308346827
6.914874297491824 19.29782877210043
4.397056024759152 13.412770110255318
9.375738346605534 23.42368779564405
0.5690745250760205 5.82893875684169
4.091494853390217 13.256757197568104
3.6088871201160746 11.626270783785266
8.064297671765154 21.086630544785393
2.53676898707484 10.507765126346262
6.850113558010413 18.700553601139376
9.388597176919456 23.653091672504228
5.76631441831518 15.88511224928381
9.08690323301448 23.8521224011256
6.631776300866382 17.51103682632316
1.1299179403303725 6.740541434012362
3.1252469865680474 10.03106983612765
1.4643608555560714 7.732566621440084
2.398570167615106 9.828114776799627
6.148245325714697 17.506038165525922
5.9759692496287045 16.70539230646505
1.489062211184569 7.25357298980466
4.036620294271631 12.897626751399715
7.183296390229026 19.212684084717555
7.213616974980663 19.641150604214086
6.098143186783681 18.4396327411775
9.20171460156337 23.422607451290805
0.5749404283850339 6.257163315609544
9.494541680857534 23.708769884634254
2.791852795618782 11.093864694562056
0.6218740853967386 5.817743644570149
8.899786561921315 22.49805407732766
2.530495229841449 10.14767994231427
5.165554631777544 15.280571657326377
0.3844793935819393 5.274171841917334
8.466729419178167 21.16820528344891
5.728656345586583 16.336163660277172
7.917432743042588 21.362576664486927
1.5582489791008083 7.593854980119592
0.7145564465199463 6.54047463715458
1.9550143486510603 8.736657490933823
0.6025748986421533 6.0495043454193365
9.593084708494995 24.95288779684717
1.321783837072747 7.49066363549455
5.91717969961439 16.584984078410507
2.666607761021112 10.934517117914243
1.30728996133419 6.872499114655856
0.2233142018629195 5.660261021592804
0.3735792002898357 6.022536439943866
5.1226011293593166 15.997760025909962
9.962891078399307 25.1724695264431
1.8642453694699554 9.038924643048336
5.8284204702102365 15.827756710596153
0.4856438584581042 5.70151240064266
9.58116655955131 23.931446413413983
2.5882972701288836 10.062261806299842
9.395271750544316 22.878649589027912
7.283249236446374 19.180364160734733
8.748552424824595 22.057352737468776
4.24627662205329 13.263618233776299
7.566334526316936 20.39715974361748
5.608466790794928 15.788769536802965
6.094922893725952 16.501182216386038
1.0687968234179923 6.599999160282259
6.485862239366479 17.53636961805668
7.896680020051693 20.491166854965076
5.224441699678351 15.166953085197212
0.8773942853583296 7.192109844873312
6.202456488850857 16.554005336723282
4.270604585964918 13.583465595538414
8.968973925247452 22.887502472635237
1.9444574599695752 8.88552800490539
8.537125669645535 21.791984805626267
2.9311208685755386 11.431408300129608
1.2460297971460026 7.722680017347503
4.535555032005925 14.272317076758132
1.2767819641969194 7.935358539960066
8.507036043463906 21.982844054716193
5.2516075782479845 15.123473266221131
2.2789348994548746 9.096465436779251
4.483902267559156 13.233627169144789
3.7318683267700212 12.68138000837745
6.231453083029633 17.062496641180903
3.0374394561031526 10.561536381871155
8.137999985098144 21.93953672439419
2.946397976408753 9.895403124291672
0.31137353465842743 5.434955552042545
4.585512556456182 14.288554786436567
5.817400768420502 17.568508452897152
8.925689719944556 23.174688602664837
2.3810588931088965 10.332982738663537
5.055388626095747 15.55954435446873
7.760460730332783 20.69036059552252
4.432071975866463 14.325498902919566
5.375277155755355 16.526157764302386
7.738918216020081 21.03054192510243
2.8272488762788317 11.223408125839018
6.874070047511917 18.429642326523787
6.572778733929798 18.050342371436336
5.191223281924749 15.353684248393359
3.997571985670625 13.340437642447291
9.970410650347816 24.216396652686004
6.363211003552472 17.284305298777195
6.287947802397317 18.205326924019325
2.1909642416608035 8.874196044786386
3.1428326341432538 11.17845608411325
9.021763335306535 23.248711388700972
4.224078801377011 13.337478549460892
7.056141582171898 19.43833522632217
3.1705314449877893 11.105171133645449
3.708792635722232 11.64172336237042
1.2076191698315348 7.614219105483796
7.86267549190433 20.899059385490265
8.930998913509537 22.677694386071458
7.758809535215527 20.822109518558754
6.990560775297084 18.635079942249618
3.889706946861603 13.136527709598916
9.042904556723872 22.561260069872336
9.466942012621342 23.75517679592069
5.064424757332372 14.701445011397556
1.5831939751991104 9.060111662654226
7.214656827006193 19.126170587656855
5.0824896604269085 15.661826978542603
6.38231266088394 17.88441349374529
2.233906975312065 8.827646053810744
7.635676387700846 20.644826045731094
6.939008134253505 18.903099560349894
2.7674504127307173 10.76658844249583
6.60224104884789 17.59181445327216
6.766810437733046 19.08660294893031
2.7694598277380607 9.817321430278616
0.7111971040165148 6.900710557375558
5.222663565385593 14.557075093046855
6.748216728549883 18.13571877973427
9.710832935354224 25.03726721144069
8.155349918113785 21.666331955876505
0.6986335535963057 6.6839705822413285
6.852922708800228 19.22582652179074
3.7509126419524037 13.077885840558757
6.247524776664257 16.927380388190485
1.861321250622991 8.806591431983286
1.1501052905617026 7.3099355204256655
6.7985940659742 18.71763004202494
4.683887789695564 13.689783031951057
5.680224268249959 16.461744254543348
0.7866443819912945 6.796329236956806
2.170761277192921 9.062542624160937
2.9586444779148424 10.957062873737563
8.458539210315585 21.58262164323817
8.979270237738511 23.270208620564063
8.170167771401378 21.00659190818195
6.414707482458385 17.53129256988327
7.231657644075811 19.37304537502395
5.1271193567410025 15.20517650312703
2.19001455324224 9.521753690469561
7.790019760722377 21.18329185118013
7.778645555507341 19.960541598307962
9.170384047814865 23.994723390059907
2.6236559454240114 10.103966737215895
2.0023419023834705 8.655979575929452
9.658497606582321 24.536573910887423
8.755607222073868 22.339015053042683
3.629961421330627 11.979776302760685
8.851040097340515 22.555310485641
6.369589975608218 17.952399220102198
9.129253906509998 22.878918014608335
1.2835901556551956 7.272754782109998
4.311867049666863 13.571825650739072
0.9408572618509918 7.0259232842765895
7.456718838130568 20.289852393040572
5.879801904350856 16.73211850543451
3.771466812027162 13.104308795275065
3.4051833837758654 11.075762164353371
2.0945809626822847 9.142624144190119
6.327763900464648 18.321724768428705
9.78233324434929 24.50868002301589
4.63277920424106 13.840853580657893
5.6113452284023015 16.24975132135408
0.8240870389722605 7.406423415940595
7.681532409502752 20.044897306588307
9.797846777715357 24.329304722466464
4.545951029514075 13.048417762989395
4.2337354938954554 13.98728718520119
9.187920035866687 23.804257342905718
9.687098225119321 23.433772878520116
3.5662875130866336 12.395579692578504
1.1025827417120055 6.665782452066722
6.79653468261435 19.18137132447926
2.139785459857694 10.817860938223296
2.1848872471267677 8.908763760671397
5.745862426965195 16.59508370490406
2.7078058721983496 10.648412316870774
1.5060641830965587 8.271142535254114
0.44146786560697215 5.902048365834817
8.771396803621506 21.93481144591566
7.1037729362759805 19.01111955175104
8.89301533219924 22.806990736611848
8.507026598913628 22.63169301144149
8.465368591629092 22.464911548078632
6.199026592988762 17.022549873834507
3.1347465476420826 10.187505157976696
8.163409675452316 21.720451823119905
8.546623613097305 22.22410205392307
7.899962362965166 21.412246141288122
8.848057414844334 22.47967433501599
0.3911243546274239 5.574953083897337
7.298650641849552 20.278632672675165
0.79379145043535 6.55227042229602
4.385298270339372 13.320902646961597
8.350960782522183 22.18946882796387
7.015289154826937 19.128583685816782
1.0169286395974595 6.373259977951383
8.270540122789281 21.886003245989997
7.136053301535451 19.87111202906135
0.7132511097851992 6.338612369228634
9.29641800757886 23.12108041702563
9.455804649628755 23.976591093731205
3.03640129923735 11.066027313872171
8.90398971654594 22.334319243593768
3.494373621733647 12.040076678331257
0.5122831562609438 6.5489020478058855
5.9814015354189465 17.03042984779951
7.685696242414521 20.594500548425245
7.773321196784096 19.647817610801486
7.598658116673941 21.01577075586394
0.5428364554783993 5.217329432467038
2.5673041636711975 10.159794920498276
5.499953066634537 15.883202905215862
4.466041249122855 14.40973500550045
0.6250951463542567 5.481718159450797
1.0670287135756347 7.386353915865117
9.133391434725652 22.584108920918894
9.392177150468914 24.70287905673491
5.636537293203218 15.984164370129601
3.747828814627189 12.784810481401081
9.506153128617417 24.49276047888959
2.3801180691948183 9.553520936244254
3.0601069500688904 11.149268633104365
2.4885928045820265 9.220240588909183
8.923716843429785 21.864153352148307
5.659030329855118 16.53353206382155
8.015098149664336 20.844320569147154
9.037126722269004 22.522899323101626
8.68442961554382 22.498364194846165
3.0765028201407425 9.894992581776423
6.242174903084211 17.509457942984533
7.722166493252106 19.74769623861211
1.9040322339815816 8.64423974862456
0.9180123363842085 7.693093939838972
3.068386524614861 11.422471470916744
7.903985445854271 20.811520224692526
0.5064859424048809 5.80151081690978
6.239096593000829 16.740314735946843
2.513350846888935 10.431214533817968
7.619018239851964 21.00160451919232
7.485413731287094 20.30076443308392
0.17098113771748125 5.24408678806863
7.6038812948081045 19.343844542218402
3.7101426480279134 12.485731532065438
6.4949570935453576 18.153206125395265
7.6862065103643475 21.566571497693506
5.777244484213339 15.776303844455027
7.833998545923235 21.286394482781336
8.88341779633681 23.355003064050173
6.199993708437571 16.683746363967668
9.62624994287798 24.568364682599043
9.18520717415905 23.318934378704753
7.14410124737557 20.00280798815379
2.056096188683929 8.997829314547912
-2.0042125700635465 8.228447814813167
0.2701200386983411 10.450770887425838
-1.0414952310642491 10.529753551905245
-2.776000510233417 9.615979326350095
-1.5915087477754817 9.855294611699536
-2.9269664203440913 9.597014107795967
-0.8364887579237621 13.48892701643266
-0.8951311795806682 10.619141162582764
-1.1504673354897141 9.51575808467962
-1.257955341857163 10.782360133150435
-0.11536018363456657 11.585494983583416
-1.9545446797157382 9.296058161478381
-2.541655056772378 9.994225631962063
-0.8849620530132944 14.004800700176421
0.7844593708648762 12.100829678254206
-1.6729858825154416 9.229626472948851
-1.0908145704173577 10.650569892488399
-0.8011215965333114 11.697072749683926
-2.2992881451977114 10.846319049291278
0.5212659681582092 9.954813842016154
1.3877189526282598 11.071423724434222
-0.23356066624812266 13.904960410802023
-1.9621605995952809 8.382182746568924
-2.64204734838986 7.661725170784324
-2.898344888122609 10.100482097852257
-0.35750299176094424 10.693628523952134
0.055808362647155274 10.764859804013422
-0.46231433684840084 12.4758032357832
-2.5261521301623833 9.666123044762617
-1.5841235538343976 7.315252457813071
-2.6321698073102335 6.729587974104294
-2.0655572447830752 8.733797947147796
-1.1987801883933407 6.872015576624889
0.3469025286173846 12.521096221703768
-0.12251067375265157 11.544898390398451
-1.262524495284558 9.99883012625173
-3.2199230040088196 8.939321733486182
-0.6030043901138482 11.14059983153455
-0.059491970623218204 9.397846717319513
-3.182797108360491 6.364618484206173
-3.068064889170356 10.076393953382603
-0.7826332098656001 10.641323445313663
-0.9186307286222344 12.025225404943058
1.0293240907987604 13.428452690198974
-2.26993787275849 10.446975752375453
-1.6399566017130276 11.535363689592192
-2.443505578707894 9.142880125195465
-1.2721263070964515 9.143179965205753
-0.8381866958674835 8.083421615125165
-1.954760287204413 9.494251314165789
-3.1972750532512797 9.191234255395653
-0.7015529470584712 11.600783771011962
-0.4823180225843231 10.455649896938205
0.37933812799641986 13.839253311615298
-1.4609466778699662 9.352634840668376
-0.25188888273227716 13.503137058627377
1.3586474364984678 11.843760411673857
0.5904499087095338 12.659975172459545
-3.4838147816537592 7.978153416414589
-0.3484086477960555 11.005174479936835
-1.1486177334980918 12.00163887978619
-2.6579015409591737 9.839793327690607
-1.9764236825378396 10.481764063969027
0.007937513260609208 12.235917383804852
-1.0178437357484333 7.799758559148413
-0.9939634397811625 9.801642102665141
-1.7783009799960947 10.484057128620577
-2.267913053598423 6.10520444430147
-0.865357793957009 10.62732626943956
-0.11022394931861523 10.085811560978637
